100
70 1 1 5 7 8 10 10 11 12 14 15 17 17 20 22 25 26 27 27 28 28 29 30 31 31 32 32 37 41 42 44 44 48 54 54 55 55 55 56 58 58 59 60 61 64 65 65 68 72 72 73 73 73 74 75 75 77 81 81 87 89 89 90 90 91 92 93 97 97 97
94 0 1 2 5 6 8 9 10 10 10 10 12 13 13 14 14 14 16 19 20 22 22 25 25 26 29 29 30 32 33 33 33 34 35 36 36 36 36 37 37 38 40 41 41 42 42 45 47 47 48 48 49 50 50 50 52 52 53 53 56 57 59 59 60 60 61 62 63 63 65 71 73 80 81 81 81 82 84 84 84 84 84 85 87 89 93 94 94 95 95 96 96 96 97
42 0 0 3 4 11 12 16 16 17 19 21 21 29 30 32 34 37 38 38 39 42 48 49 56 59 60 62 63 67 68 69 71 72 77 80 84 85 87 88 93 96 100
90 0 3 4 4 4 5 6 6 10 11 12 13 15 15 15 17 17 18 20 23 24 24 24 28 30 30 30 31 33 34 34 35 37 37 37 38 38 41 43 45 45 47 47 48 49 50 51 53 54 54 55 59 60 61 62 63 63 63 65 65 67 67 68 68 69 71 75 76 76 76 77 78 82 82 83 85 85 86 86 86 88 89 90 91 91 94 95 95 97 99
26 1 1 7 10 12 16 16 21 24 29 32 39 45 45 50 50 53 57 70 70 72 76 88 96 97 98
5 19 39 58 70 74
2 31 66
40 2 12 15 15 20 21 21 21 24 24 25 26 27 31 39 39 39 41 47 47 48 51 58 59 63 64 65 67 67 69 70 78 80 85 86 87 91 91 96 98
80 3 3 6 9 10 10 10 12 13 14 14 15 16 17 17 19 19 20 21 23 24 24 24 27 27 28 30 30 31 32 33 35 37 39 39 40 40 42 48 48 48 49 49 50 54 54 54 57 59 60 62 63 63 66 66 67 71 71 74 75 75 76 76 77 78 78 79 80 82 87 90 91 92 92 96 99 99 99 99 100
49 5 6 12 13 16 17 19 19 22 23 23 24 27 30 36 37 37 42 43 43 47 48 50 52 56 59 62 63 67 68 70 71 72 72 81 82 83 85 87 89 90 93 93 93 94 96 97 99 100
98 0 0 0 1 3 3 6 6 7 7 8 9 11 11 11 13 13 15 15 16 20 21 22 24 26 26 26 27 28 29 30 31 31 33 36 36 36 37 38 38 39 42 43 43 45 49 49 49 51 52 53 53 54 55 55 56 57 57 58 58 61 61 61 63 66 67 67 67 68 68 69 69 72 72 74 74 74 78 79 81 83 83 84 88 88 92 92 93 94 94 95 95 95 96 97 98 98 100
74 1 2 3 6 9 9 11 12 13 14 18 19 20 21 23 24 24 26 28 29 29 29 33 33 35 37 38 40 41 43 46 46 47 49 52 53 55 55 59 64 65 67 67 68 69 69 69 70 70 71 71 75 75 76 76 77 79 81 81 81 83 84 86 87 89 89 89 91 92 96 96 96 98 98
98 2 4 5 5 5 8 8 9 9 12 12 14 15 15 15 19 19 19 20 20 22 23 24 25 26 26 32 32 32 35 35 35 36 37 37 38 38 38 40 40 40 40 42 43 45 45 45 46 47 47 49 51 52 53 54 56 59 60 60 61 62 64 65 65 65 67 68 69 69 72 73 76 77 77 78 79 80 80 82 83 83 84 85 85 86 86 90 92 92 93 94 94 95 97 99 100 100 100
59 0 2 3 7 8 9 11 15 18 18 19 20 24 24 27 34 39 39 39 39 41 41 43 43 45 48 53 55 55 60 61 62 62 64 66 68 69 70 71 76 76 77 77 79 79 79 79 80 80 81 85 86 88 91 91 92 94 97 100
14 1 4 4 20 20 26 61 63 68 75 79 84 87 93
70 4 4 4 6 7 10 10 10 11 11 12 13 14 16 17 19 23 24 24 25 25 26 27 29 30 32 32 37 38 38 39 40 40 44 45 46 47 50 52 54 55 58 60 63 65 66 66 67 67 68 68 69 69 70 74 79 79 82 83 83 84 87 88 92 92 92 95 98 98 99
6 12 36 62 72 82 99
41 0 0 5 7 9 13 13 16 20 22 26 29 30 35 37 39 43 44 53 54 56 61 62 63 63 67 67 73 77 82 82 83 85 86 88 92 93 96 97 98 99
11 2 5 22 23 33 45 52 73 76 84 98
73 2 2 2 2 4 6 7 9 11 14 14 14 18 21 29 31 33 34 35 36 41 41 41 42 42 45 46 47 48 48 48 49 51 51 54 54 54 55 55 55 56 58 59 59 62 63 63 64 65 65 66 66 67 68 69 73 74 76 77 77 77 78 81 85 85 87 87 89 90 94 95 97 97
17 10 41 49 50 61 62 65 66 66 70 75 75 76 76 79 83 84
84 2 3 3 8 8 10 13 14 15 16 16 16 20 22 26 26 27 29 29 29 29 30 30 31 31 33 33 36 36 39 41 44 47 47 47 48 48 49 51 51 53 53 54 55 56 56 57 61 62 62 63 64 64 66 66 68 69 70 71 72 74 75 75 75 76 79 79 85 85 85 85 91 91 94 95 96 96 96 96 97 97 99 99 100
94 1 1 1 2 9 9 11 11 11 12 13 14 16 16 17 19 20 20 20 20 21 24 25 25 25 26 26 27 28 29 33 36 36 41 42 42 43 43 45 45 49 51 52 56 57 59 61 61 62 63 65 67 67 68 71 73 73 73 73 74 74 75 76 77 81 82 82 82 82 83 83 83 84 87 88 91 91 92 93 93 94 94 94 94 95 96 96 97 98 98 98 99 99 100
68 0 1 2 2 3 10 11 11 11 12 13 17 18 20 20 22 23 23 25 27 31 32 37 37 41 42 42 43 50 51 51 56 57 58 58 59 59 59 59 61 61 64 65 66 68 69 70 70 72 72 73 74 79 81 83 84 84 85 86 88 89 89 90 90 90 91 93 98
76 0 1 2 2 4 6 8 9 9 9 10 10 10 15 16 17 17 19 20 22 22 24 27 28 28 31 35 35 35 39 39 40 43 44 45 47 49 50 52 55 56 56 58 58 65 65 65 66 67 68 68 68 70 70 72 72 73 74 74 74 75 76 76 77 78 79 81 83 83 87 92 93 95 97 99 100
99 0 0 1 1 1 2 2 3 3 5 5 6 7 9 10 11 12 12 13 15 16 16 19 19 20 20 23 23 24 25 25 27 29 29 29 33 34 35 35 37 38 38 39 39 40 42 43 43 44 44 45 46 46 47 49 49 50 52 53 54 56 56 56 57 58 58 58 60 60 60 61 62 63 65 67 72 72 74 75 77 78 78 78 79 82 82 85 87 88 88 88 90 91 92 94 97 97 97 98
35 5 8 12 15 19 26 28 29 40 41 51 61 62 63 63 65 65 67 68 77 78 82 82 83 85 87 87 87 89 92 93 93 95 97 99
23 2 4 19 29 33 33 36 39 49 60 64 64 67 70 70 72 81 83 89 89 91 94 100
22 1 6 8 13 14 22 29 30 45 55 57 63 65 66 73 84 91 93 96 97 98 99
66 0 1 3 3 5 5 5 7 9 9 10 12 13 13 15 16 18 18 20 20 22 23 23 24 27 27 27 28 28 29 29 32 34 37 38 38 41 44 48 49 51 58 59 59 61 61 63 66 68 69 70 70 72 73 74 76 77 79 81 83 84 89 90 91 94 96
16 9 10 16 18 23 26 43 57 65 70 73 75 79 85 91 92
54 1 1 2 3 3 4 11 13 13 13 14 16 16 16 19 20 25 29 29 36 36 37 38 39 40 43 44 46 47 48 53 56 56 57 59 64 66 67 74 74 76 76 77 77 79 80 81 88 89 90 90 93 94 96
71 1 4 6 7 7 8 11 13 15 16 16 20 20 21 21 24 26 29 29 30 30 30 33 35 36 37 37 42 43 45 48 48 51 51 51 55 56 56 57 59 60 63 64 66 67 68 70 71 72 73 75 76 76 78 78 78 79 79 81 82 85 89 91 92 95 95 97 97 98 98 99
57 0 1 2 5 6 7 7 9 9 11 13 13 15 18 18 22 28 30 31 33 33 34 38 39 43 44 44 48 49 50 55 57 59 61 62 63 64 65 66 68 72 76 78 78 78 81 81 81 86 86 87 91 92 95 99 99 100
44 0 2 2 4 10 11 13 17 23 26 29 30 31 36 37 41 51 51 53 54 55 55 58 60 64 67 68 69 70 71 71 75 77 80 82 85 85 86 91 92 94 97 98 100
73 0 0 1 5 7 7 8 9 9 10 11 12 12 14 17 20 20 21 23 25 27 37 39 39 40 41 43 43 46 46 48 51 52 52 54 54 55 55 57 57 58 60 60 61 62 63 64 66 66 67 68 70 70 70 75 76 77 79 81 82 84 84 84 85 88 91 91 92 98 99 100 100 100
94 4 5 5 5 7 7 9 10 13 13 13 14 15 16 16 17 17 18 18 19 21 23 23 27 27 28 29 30 31 31 32 32 32 34 37 38 40 40 43 44 44 44 44 44 45 46 46 46 47 47 48 48 48 49 52 57 60 60 61 61 61 62 63 63 64 66 66 66 67 68 68 70 70 74 75 76 76 77 77 80 82 82 83 83 85 86 87 88 88 91 91 91 97 98
92 0 1 2 3 4 5 5 8 8 9 10 12 13 14 14 14 15 15 17 18 19 20 21 22 23 24 25 27 30 32 33 33 34 34 36 37 38 39 40 40 41 41 42 42 45 49 49 50 50 52 53 53 55 57 58 59 60 62 63 64 64 64 65 65 67 69 70 71 76 77 78 78 78 78 81 81 82 82 84 85 86 88 88 88 89 89 90 90 91 96 97 100
47 2 2 5 8 10 11 12 13 17 17 19 22 26 29 29 34 35 45 47 49 50 51 52 53 56 56 57 59 60 61 75 76 77 79 79 80 86 87 88 89 89 92 93 95 97 99 100
34 0 3 6 7 14 15 17 17 23 25 28 30 30 31 33 35 36 36 40 41 45 49 57 62 68 72 76 81 90 93 96 97 99 100
20 3 4 6 8 13 15 22 22 40 46 47 63 67 67 78 82 84 88 91 97
53 0 2 5 7 10 11 11 15 15 15 17 20 21 21 24 28 30 34 34 36 38 38 39 39 44 47 47 51 55 55 59 59 60 63 63 63 66 67 68 70 70 76 76 79 80 85 86 86 87 89 95 100 100
85 2 4 5 6 6 6 7 8 9 9 11 11 12 14 15 16 19 20 21 22 23 25 25 25 26 26 28 30 30 31 34 34 36 37 37 37 38 39 40 40 48 50 50 52 54 55 56 56 58 60 63 64 64 65 67 67 69 71 71 71 71 72 72 73 73 73 75 75 76 78 78 84 85 87 88 90 91 93 94 94 95 97 98 98 98
65 2 5 7 8 11 12 13 15 15 16 16 17 19 22 25 26 26 28 30 33 36 36 37 38 39 40 41 43 45 46 47 48 50 53 57 57 58 59 59 64 65 67 72 74 74 75 76 77 81 82 82 83 83 85 86 89 91 91 91 95 98 99 99 100 100
53 6 7 11 13 14 14 16 17 18 18 19 22 27 30 31 32 37 37 38 40 42 45 47 50 51 52 52 52 53 54 56 56 59 62 62 63 67 71 72 73 78 82 83 83 85 85 86 87 88 88 94 96 96
88 6 6 6 9 9 15 17 18 19 19 20 20 22 22 23 25 26 26 27 27 28 28 30 31 32 33 34 34 34 35 37 38 39 40 41 41 42 42 43 44 45 47 49 51 53 53 54 55 56 56 57 58 59 60 61 63 63 65 67 70 70 74 75 75 75 77 79 79 79 79 81 83 84 86 86 86 87 88 88 89 90 93 94 95 95 96 100 100
42 5 6 10 10 13 16 16 17 18 20 21 23 24 25 25 28 31 46 47 50 56 58 59 59 60 62 62 64 69 69 70 77 77 77 80 81 90 97 98 99 99 100
9 32 38 39 41 57 66 69 70 93
73 1 1 3 5 5 5 6 8 9 10 11 11 12 12 12 13 14 15 16 18 19 21 21 21 23 24 24 26 28 30 31 37 37 37 38 42 43 43 45 46 49 49 49 50 52 55 56 58 59 59 59 60 64 64 65 66 67 68 70 71 71 75 78 79 80 84 85 86 87 90 91 93 94
11 8 22 34 46 54 62 82 83 85 98 99
36 2 3 3 6 9 12 18 18 22 24 24 26 42 42 43 47 48 48 53 57 59 66 69 76 78 81 83 85 86 88 88 89 90 94 98 99
73 2 4 4 4 5 6 6 7 9 9 10 13 19 22 23 24 24 26 28 29 30 32 32 34 35 35 35 37 45 46 49 51 51 52 52 53 54 54 55 55 59 62 62 65 65 67 69 73 75 78 79 79 80 81 81 82 83 86 87 88 89 89 91 91 92 93 93 93 94 96 97 98 98
88 1 2 4 6 6 7 7 8 9 9 9 10 12 12 13 13 15 16 16 16 17 17 19 20 21 22 24 25 28 29 32 32 33 33 34 35 37 38 38 39 40 41 42 42 43 44 48 50 50 51 52 53 57 59 59 60 60 63 64 64 65 67 68 68 70 73 75 77 78 79 80 80 81 81 82 83 83 84 85 86 87 89 89 91 91 93 94 100
79 0 2 4 6 7 9 9 10 10 10 10 11 12 14 15 15 15 16 19 20 22 26 26 26 29 30 35 35 36 40 40 41 43 43 43 44 45 45 47 51 51 52 53 54 54 56 57 58 62 62 66 66 66 69 73 73 74 75 75 77 77 77 78 79 80 80 81 81 83 88 90 90 92 93 93 94 95 97 100
60 1 2 4 10 12 12 14 15 17 17 18 21 21 24 26 27 33 34 34 38 38 40 41 42 43 44 45 46 46 46 46 48 49 49 51 52 55 60 61 64 64 64 64 69 70 75 75 77 79 82 87 88 91 92 92 93 93 97 97 98
7 16 63 68 68 71 79 95
52 2 13 17 17 17 20 21 24 25 29 33 33 34 36 36 39 41 44 45 46 47 49 52 53 54 56 56 57 59 59 62 63 63 64 65 65 66 67 71 73 76 76 78 81 81 88 92 93 95 96 97 100
86 0 0 2 2 3 3 3 6 6 7 8 8 9 13 13 13 18 19 22 23 24 25 25 26 27 27 28 32 33 33 34 35 35 36 37 38 40 41 46 46 48 49 50 50 51 52 52 54 54 56 56 57 57 57 58 58 62 62 62 63 66 67 69 70 70 72 75 77 79 79 79 81 81 82 82 86 88 92 94 94 95 96 97 99 99 100
9 6 7 7 8 42 44 46 52 65
37 1 5 8 9 13 16 18 19 22 26 26 30 31 36 40 42 43 44 55 57 62 62 67 73 74 79 85 87 87 89 90 91 93 94 96 97 97
83 1 1 3 4 4 6 7 7 8 9 12 17 18 19 19 20 21 21 26 28 29 29 29 30 31 31 32 33 35 39 41 42 42 43 43 46 46 48 50 51 52 52 53 55 57 57 57 58 59 60 60 62 63 64 65 65 67 69 70 71 72 72 72 73 74 75 75 80 82 83 86 86 86 87 89 90 92 92 93 95 98 99 100
78 0 1 3 3 4 4 5 6 6 6 8 9 10 11 11 12 12 13 15 16 17 18 18 20 20 23 24 24 28 31 32 33 33 34 37 39 40 42 42 43 43 47 47 47 48 49 50 52 56 59 60 61 61 62 62 63 64 66 67 71 74 75 75 77 79 80 80 81 81 81 81 83 85 87 89 95 97 99
56 0 0 0 1 14 18 21 27 27 31 33 35 38 38 39 40 42 42 43 48 49 51 52 52 57 59 60 62 64 64 67 70 71 71 71 72 72 73 73 77 78 79 79 79 82 84 87 90 90 92 92 95 96 98 100 100
58 0 4 10 11 17 19 20 21 22 22 23 24 24 25 28 29 31 34 34 34 35 38 40 40 45 45 46 46 47 49 51 55 55 55 56 56 57 57 59 61 63 63 65 67 68 70 72 72 77 79 82 83 87 89 91 91 96 100
59 1 2 2 2 3 9 15 15 17 19 20 20 22 23 28 28 29 32 32 36 40 40 41 41 43 45 45 47 51 52 57 58 58 62 64 65 65 67 67 69 72 74 75 79 79 83 83 84 85 87 88 91 91 92 94 96 98 98 100
56 0 1 7 9 16 18 20 20 20 22 24 26 28 28 30 31 32 32 36 36 43 45 49 49 50 51 53 53 55 60 60 60 66 66 66 70 73 74 76 79 80 81 83 85 85 85 86 86 87 87 93 93 94 97 98 98
55 1 3 4 5 6 10 11 13 13 14 14 18 22 23 24 26 26 27 27 31 34 34 39 41 43 44 49 49 51 51 53 55 57 60 63 64 65 66 66 67 68 68 71 73 74 79 82 85 89 90 93 95 95 97 100
80 0 0 0 3 3 4 5 6 7 8 10 10 11 15 17 19 19 20 21 21 25 26 26 27 27 28 28 29 30 30 32 33 34 38 38 39 39 43 45 48 48 49 52 54 54 55 57 58 61 61 62 63 64 65 69 70 71 71 72 72 73 73 74 76 78 81 84 85 88 88 92 93 94 94 97 97 99 99 100 100
79 1 2 2 3 3 6 6 7 9 9 9 11 12 13 14 15 16 17 18 19 20 23 23 25 25 26 26 28 28 29 30 31 31 37 39 42 42 42 43 46 46 49 50 50 50 51 51 54 55 57 58 59 61 62 63 63 65 65 67 67 69 71 75 79 79 80 80 82 86 87 88 93 93 93 96 97 98 99 100
49 1 4 7 8 10 11 12 13 14 15 18 24 24 27 28 28 28 34 34 39 39 40 40 40 40 42 43 45 46 51 53 54 59 60 62 64 65 65 66 66 70 74 76 82 83 85 95 100 100
21 0 1 2 4 6 12 28 35 43 50 60 60 70 76 78 86 87 90 91 93 99
9 16 19 32 35 50 57 58 82 89
54 0 0 2 3 4 5 6 7 8 9 10 12 23 23 23 26 26 30 35 36 50 53 54 55 56 58 60 64 64 66 69 70 71 71 75 76 76 76 77 77 77 78 79 79 81 82 82 89 92 95 98 98 98 100
83 1 2 3 3 3 4 6 7 8 9 9 10 11 14 16 18 20 24 25 27 27 28 28 32 32 33 34 35 35 35 35 36 37 40 42 43 44 44 45 46 48 52 52 53 56 58 62 63 63 64 64 65 65 66 67 68 68 68 69 69 70 72 75 76 80 81 82 82 82 83 83 84 88 88 91 93 94 97 97 97 98 98 100
95 1 1 2 4 4 4 6 10 12 12 12 12 13 15 15 16 16 17 17 20 21 23 24 29 32 33 33 34 37 40 40 41 42 42 44 44 45 46 46 47 47 47 47 49 50 50 50 51 51 51 52 53 53 53 53 54 55 56 58 61 62 63 64 65 65 67 68 68 69 72 72 74 76 76 76 77 77 78 78 78 80 81 81 83 83 85 85 87 89 93 95 95 97 99 99
97 0 3 4 5 6 6 7 8 8 9 10 14 14 15 15 16 18 18 18 18 18 19 19 21 21 22 24 26 27 28 28 29 29 29 30 32 32 32 35 35 35 36 37 39 40 40 41 42 42 42 42 43 44 45 46 48 49 50 53 53 53 54 55 55 57 57 59 61 61 63 65 66 67 68 70 71 75 75 77 78 79 82 86 87 87 90 90 90 92 92 93 94 94 94 95 96 99
65 0 0 1 2 6 8 9 11 11 14 15 17 19 24 25 26 27 28 28 29 32 33 33 33 34 36 37 37 39 40 40 43 43 49 52 53 57 58 60 60 61 62 69 70 70 73 76 78 78 79 80 87 87 89 89 90 91 92 94 94 95 95 95 99 99
95 0 0 0 2 4 4 4 5 5 7 8 10 11 15 16 18 18 19 20 20 21 21 22 23 23 24 24 25 27 28 28 29 29 29 30 35 35 37 37 38 38 42 43 44 44 47 52 52 53 53 53 54 54 54 55 56 57 57 57 59 59 59 59 60 60 62 63 67 73 73 75 75 76 82 83 84 85 85 85 88 90 90 90 90 91 92 93 93 95 95 95 95 96 99 99
1 56
25 4 12 15 16 16 21 26 28 30 35 37 45 51 53 56 57 61 62 64 69 71 75 85 86 95
39 0 1 4 5 6 7 7 9 15 18 18 23 23 24 24 24 24 27 29 37 37 38 41 43 48 52 52 61 62 65 67 68 76 77 90 91 97 97 98
37 1 7 10 16 20 21 21 22 23 26 26 30 34 37 40 47 47 51 53 56 56 57 58 63 67 71 74 77 78 83 85 86 87 90 93 96 100
24 6 7 10 12 18 21 24 27 30 33 39 41 43 52 55 55 57 63 67 67 68 73 92 97
94 0 1 3 6 6 6 6 7 7 7 9 10 14 15 16 16 19 20 20 20 23 24 25 25 27 30 31 31 32 33 33 37 37 38 39 39 41 41 41 41 41 42 43 45 46 47 48 48 49 49 50 51 53 54 55 55 55 56 58 59 59 59 62 63 64 67 68 69 70 70 71 72 73 75 75 75 75 79 80 82 82 83 85 87 88 89 89 91 91 92 94 98 98 99
24 6 7 11 18 19 20 26 27 27 27 33 39 42 42 44 45 47 53 56 66 67 72 79 88
94 0 2 2 3 5 5 5 5 9 10 10 10 11 13 13 14 22 23 23 24 25 26 27 27 27 27 27 28 28 29 30 31 33 34 35 37 39 40 40 40 41 43 43 44 46 49 50 50 51 51 54 57 61 62 63 64 65 66 70 70 70 72 75 78 79 79 80 80 80 80 81 83 83 84 85 85 86 86 87 89 90 90 90 91 92 93 93 94 96 96 96 96 97 98
44 2 5 5 6 7 13 16 24 24 28 32 32 32 35 35 40 40 43 44 44 45 46 47 48 56 57 57 58 61 63 66 68 72 73 78 80 84 85 89 91 95 99 99 99
28 1 4 13 18 19 24 25 33 37 39 40 42 42 48 54 56 61 62 63 66 68 69 70 79 82 86 90 100
56 4 7 10 10 11 13 14 17 18 23 27 30 31 32 35 37 40 41 45 46 47 47 49 51 55 59 60 62 65 65 66 66 66 68 71 73 75 76 78 81 82 82 83 86 87 87 91 92 92 92 94 96 97 98 100 100
59 1 1 2 3 6 6 6 7 9 11 11 11 12 12 12 20 22 23 25 26 27 29 30 31 31 33 36 41 42 46 47 48 49 51 52 53 57 58 61 64 65 67 75 75 76 77 78 80 81 84 85 86 87 87 88 89 92 95 98
16 2 4 5 29 30 32 34 34 35 49 51 55 61 65 84 99
21 0 9 9 18 38 38 57 59 60 66 66 70 76 76 79 83 83 87 89 89 96
63 3 5 9 10 10 12 14 17 17 18 19 20 21 23 23 24 31 31 32 35 35 39 39 40 40 41 42 45 46 47 47 48 49 50 50 53 57 57 59 61 61 62 63 64 66 68 69 69 72 76 81 82 82 84 84 89 92 96 97 97 98 99 99
3 44 54 57
12 5 28 32 42 45 64 74 80 85 87 89 94
90 1 2 4 4 6 6 7 8 9 10 10 11 11 11 13 13 14 15 18 19 19 19 22 22 22 23 24 27 28 28 29 29 31 32 35 36 37 39 39 40 41 42 45 46 47 49 50 51 53 53 55 56 56 58 58 59 64 67 68 69 70 71 71 74 74 77 78 79 79 79 79 79 82 82 83 83 84 85 85 86 90 94 94 95 96 97 97 98 99 100
51 0 0 1 4 5 5 6 10 11 12 14 17 22 27 28 34 35 40 42 45 45 46 47 47 48 50 50 51 52 62 64 65 65 66 66 67 69 70 74 75 77 79 81 85 87 89 90 90 92 97 98
6 31 33 55 56 78 91
24 0 4 16 16 18 23 24 25 32 34 35 37 39 40 47 56 60 60 73 80 84 86 97 98
91 0 1 3 4 5 6 7 11 12 13 13 13 14 14 15 15 17 17 18 22 22 22 22 23 26 30 31 31 33 33 33 34 35 36 37 37 37 37 40 40 43 43 43 44 44 44 45 46 46 48 48 49 50 52 54 54 55 57 58 59 60 61 62 63 63 64 65 66 69 69 70 71 72 73 73 74 80 80 83 84 84 84 84 85 87 88 93 93 94 96 99
